2021/07/27-10:36:21.495870 7ff7f2df5d40 RocksDB version: 6.17.3
2021/07/27-10:36:21.495931 7ff7f2df5d40 Git sha rocksdb_build_git_sha:@09c7e96eac1ab983f97ce9e0406730b8014b3398@
2021/07/27-10:36:21.495933 7ff7f2df5d40 Compile date Jul 16 2021
2021/07/27-10:36:21.495975 7ff7f2df5d40 DB SUMMARY
2021/07/27-10:36:21.495976 7ff7f2df5d40 DB Session ID:  1U5435FX4BLEF69I4Z6L
2021/07/27-10:36:21.496022 7ff7f2df5d40 CURRENT file:  CURRENT
2021/07/27-10:36:21.496023 7ff7f2df5d40 IDENTITY file:  IDENTITY
2021/07/27-10:36:21.496028 7ff7f2df5d40 MANIFEST file:  MANIFEST-000123 size: 3718 Bytes
2021/07/27-10:36:21.496029 7ff7f2df5d40 SST files in test-ledger/rocksdb dir, Total Num: 20, files: 000069.sst 000070.sst 000071.sst 000072.sst 000073.sst 000074.sst 000075.sst 000110.sst 000111.sst 
2021/07/27-10:36:21.496030 7ff7f2df5d40 Write Ahead Log file in test-ledger/rocksdb: 000124.log size: 54341342 ; 
2021/07/27-10:36:21.496032 7ff7f2df5d40                         Options.error_if_exists: 0
2021/07/27-10:36:21.496033 7ff7f2df5d40                       Options.create_if_missing: 1
2021/07/27-10:36:21.496033 7ff7f2df5d40                         Options.paranoid_checks: 1
2021/07/27-10:36:21.496034 7ff7f2df5d40                               Options.track_and_verify_wals_in_manifest: 0
2021/07/27-10:36:21.496035 7ff7f2df5d40                                     Options.env: 0x5584ec5977a0
2021/07/27-10:36:21.496036 7ff7f2df5d40                                      Options.fs: Posix File System
2021/07/27-10:36:21.496036 7ff7f2df5d40                                Options.info_log: 0x5584ec90ea30
2021/07/27-10:36:21.496037 7ff7f2df5d40                Options.max_file_opening_threads: 16
2021/07/27-10:36:21.496038 7ff7f2df5d40                              Options.statistics: (nil)
2021/07/27-10:36:21.496039 7ff7f2df5d40                               Options.use_fsync: 0
2021/07/27-10:36:21.496039 7ff7f2df5d40                       Options.max_log_file_size: 0
2021/07/27-10:36:21.496040 7ff7f2df5d40                  Options.max_manifest_file_size: 1073741824
2021/07/27-10:36:21.496041 7ff7f2df5d40                   Options.log_file_time_to_roll: 0
2021/07/27-10:36:21.496041 7ff7f2df5d40                       Options.keep_log_file_num: 1000
2021/07/27-10:36:21.496042 7ff7f2df5d40                    Options.recycle_log_file_num: 0
2021/07/27-10:36:21.496043 7ff7f2df5d40                         Options.allow_fallocate: 1
2021/07/27-10:36:21.496043 7ff7f2df5d40                        Options.allow_mmap_reads: 0
2021/07/27-10:36:21.496044 7ff7f2df5d40                       Options.allow_mmap_writes: 0
2021/07/27-10:36:21.496044 7ff7f2df5d40                        Options.use_direct_reads: 0
2021/07/27-10:36:21.496045 7ff7f2df5d40                        Options.use_direct_io_for_flush_and_compaction: 0
2021/07/27-10:36:21.496046 7ff7f2df5d40          Options.create_missing_column_families: 1
2021/07/27-10:36:21.496046 7ff7f2df5d40                              Options.db_log_dir: 
2021/07/27-10:36:21.496047 7ff7f2df5d40                                 Options.wal_dir: test-ledger/rocksdb
2021/07/27-10:36:21.496048 7ff7f2df5d40                Options.table_cache_numshardbits: 6
2021/07/27-10:36:21.496048 7ff7f2df5d40                         Options.WAL_ttl_seconds: 0
2021/07/27-10:36:21.496049 7ff7f2df5d40                       Options.WAL_size_limit_MB: 0
2021/07/27-10:36:21.496049 7ff7f2df5d40                        Options.max_write_batch_group_size_bytes: 1048576
2021/07/27-10:36:21.496050 7ff7f2df5d40             Options.manifest_preallocation_size: 4194304
2021/07/27-10:36:21.496051 7ff7f2df5d40                     Options.is_fd_close_on_exec: 1
2021/07/27-10:36:21.496051 7ff7f2df5d40                   Options.advise_random_on_open: 1
2021/07/27-10:36:21.496052 7ff7f2df5d40                    Options.db_write_buffer_size: 0
2021/07/27-10:36:21.496053 7ff7f2df5d40                    Options.write_buffer_manager: 0x5584ec92d230
2021/07/27-10:36:21.496053 7ff7f2df5d40         Options.access_hint_on_compaction_start: 1
2021/07/27-10:36:21.496054 7ff7f2df5d40  Options.new_table_reader_for_compaction_inputs: 0
2021/07/27-10:36:21.496055 7ff7f2df5d40           Options.random_access_max_buffer_size: 1048576
2021/07/27-10:36:21.496068 7ff7f2df5d40                      Options.use_adaptive_mutex: 0
2021/07/27-10:36:21.496069 7ff7f2df5d40                            Options.rate_limiter: (nil)
2021/07/27-10:36:21.496070 7ff7f2df5d40     Options.sst_file_manager.rate_bytes_per_sec: 0
2021/07/27-10:36:21.496071 7ff7f2df5d40                       Options.wal_recovery_mode: 2
2021/07/27-10:36:21.496071 7ff7f2df5d40                  Options.enable_thread_tracking: 0
2021/07/27-10:36:21.496072 7ff7f2df5d40                  Options.enable_pipelined_write: 0
2021/07/27-10:36:21.496073 7ff7f2df5d40                  Options.unordered_write: 0
2021/07/27-10:36:21.496073 7ff7f2df5d40         Options.allow_concurrent_memtable_write: 1
2021/07/27-10:36:21.496074 7ff7f2df5d40      Options.enable_write_thread_adaptive_yield: 1
2021/07/27-10:36:21.496074 7ff7f2df5d40             Options.write_thread_max_yield_usec: 100
2021/07/27-10:36:21.496075 7ff7f2df5d40            Options.write_thread_slow_yield_usec: 3
2021/07/27-10:36:21.496076 7ff7f2df5d40                               Options.row_cache: None
2021/07/27-10:36:21.496076 7ff7f2df5d40                              Options.wal_filter: None
2021/07/27-10:36:21.496077 7ff7f2df5d40             Options.avoid_flush_during_recovery: 0
2021/07/27-10:36:21.496078 7ff7f2df5d40             Options.allow_ingest_behind: 0
2021/07/27-10:36:21.496078 7ff7f2df5d40             Options.preserve_deletes: 0
2021/07/27-10:36:21.496079 7ff7f2df5d40             Options.two_write_queues: 0
2021/07/27-10:36:21.496079 7ff7f2df5d40             Options.manual_wal_flush: 0
2021/07/27-10:36:21.496080 7ff7f2df5d40             Options.atomic_flush: 0
2021/07/27-10:36:21.496081 7ff7f2df5d40             Options.avoid_unnecessary_blocking_io: 0
2021/07/27-10:36:21.496081 7ff7f2df5d40                 Options.persist_stats_to_disk: 0
2021/07/27-10:36:21.496082 7ff7f2df5d40                 Options.write_dbid_to_manifest: 0
2021/07/27-10:36:21.496082 7ff7f2df5d40                 Options.log_readahead_size: 0
2021/07/27-10:36:21.496083 7ff7f2df5d40                 Options.file_checksum_gen_factory: Unknown
2021/07/27-10:36:21.496084 7ff7f2df5d40                 Options.best_efforts_recovery: 0
2021/07/27-10:36:21.496084 7ff7f2df5d40                Options.max_bgerror_resume_count: 2147483647
2021/07/27-10:36:21.496085 7ff7f2df5d40            Options.bgerror_resume_retry_interval: 1000000
2021/07/27-10:36:21.496086 7ff7f2df5d40             Options.allow_data_in_errors: 0
2021/07/27-10:36:21.496086 7ff7f2df5d40             Options.db_host_id: __hostname__
2021/07/27-10:36:21.496087 7ff7f2df5d40             Options.max_background_jobs: 6
2021/07/27-10:36:21.496088 7ff7f2df5d40             Options.max_background_compactions: -1
2021/07/27-10:36:21.496089 7ff7f2df5d40             Options.max_subcompactions: 1
2021/07/27-10:36:21.496089 7ff7f2df5d40             Options.avoid_flush_during_shutdown: 0
2021/07/27-10:36:21.496090 7ff7f2df5d40           Options.writable_file_max_buffer_size: 1048576
2021/07/27-10:36:21.496091 7ff7f2df5d40             Options.delayed_write_rate : 16777216
2021/07/27-10:36:21.496091 7ff7f2df5d40             Options.max_total_wal_size: 4294967296
2021/07/27-10:36:21.496092 7ff7f2df5d40             Options.delete_obsolete_files_period_micros: 21600000000
2021/07/27-10:36:21.496093 7ff7f2df5d40                   Options.stats_dump_period_sec: 600
2021/07/27-10:36:21.496093 7ff7f2df5d40                 Options.stats_persist_period_sec: 600
2021/07/27-10:36:21.496094 7ff7f2df5d40                 Options.stats_history_buffer_size: 1048576
2021/07/27-10:36:21.496095 7ff7f2df5d40                          Options.max_open_files: -1
2021/07/27-10:36:21.496095 7ff7f2df5d40                          Options.bytes_per_sync: 0
2021/07/27-10:36:21.496096 7ff7f2df5d40                      Options.wal_bytes_per_sync: 0
2021/07/27-10:36:21.496097 7ff7f2df5d40                   Options.strict_bytes_per_sync: 0
2021/07/27-10:36:21.496097 7ff7f2df5d40       Options.compaction_readahead_size: 0
2021/07/27-10:36:21.496104 7ff7f2df5d40                  Options.max_background_flushes: -1
2021/07/27-10:36:21.496105 7ff7f2df5d40 Compression algorithms supported:
2021/07/27-10:36:21.496106 7ff7f2df5d40 	kZSTDNotFinalCompression supported: 0
2021/07/27-10:36:21.496107 7ff7f2df5d40 	kZSTD supported: 0
2021/07/27-10:36:21.496108 7ff7f2df5d40 	kXpressCompression supported: 0
2021/07/27-10:36:21.496109 7ff7f2df5d40 	kLZ4HCCompression supported: 1
2021/07/27-10:36:21.496110 7ff7f2df5d40 	kLZ4Compression supported: 1
2021/07/27-10:36:21.496110 7ff7f2df5d40 	kBZip2Compression supported: 0
2021/07/27-10:36:21.496111 7ff7f2df5d40 	kZlibCompression supported: 0
2021/07/27-10:36:21.496112 7ff7f2df5d40 	kSnappyCompression supported: 0
2021/07/27-10:36:21.496116 7ff7f2df5d40 Fast CRC32 supported: Supported on x86
2021/07/27-10:36:21.496197 7ff7f2df5d40 [db/version_set.cc:4757] Recovering from manifest file: test-ledger/rocksdb/MANIFEST-000123
2021/07/27-10:36:21.496285 7ff7f2df5d40 [db/column_family.cc:597] --------------- Options for column family [default]:
2021/07/27-10:36:21.496287 7ff7f2df5d40               Options.comparator: leveldb.BytewiseComparator
2021/07/27-10:36:21.496288 7ff7f2df5d40           Options.merge_operator: None
2021/07/27-10:36:21.496288 7ff7f2df5d40        Options.compaction_filter: None
2021/07/27-10:36:21.496289 7ff7f2df5d40        Options.compaction_filter_factory: None
2021/07/27-10:36:21.496290 7ff7f2df5d40  Options.sst_partitioner_factory: None
2021/07/27-10:36:21.496290 7ff7f2df5d40         Options.memtable_factory: SkipListFactory
2021/07/27-10:36:21.496291 7ff7f2df5d40            Options.table_factory: BlockBasedTable
2021/07/27-10:36:21.496316 7ff7f2df5d40            table_factory options:   flush_block_policy_factory: FlushBlockBySizePolicyFactory (0x5584ec92a070)
  cache_index_and_filter_blocks: 0
  cache_index_and_filter_blocks_with_high_priority: 1
  pin_l0_filter_and_index_blocks_in_cache: 0
  pin_top_level_index_and_filter: 1
  index_type: 0
  data_block_index_type: 0
  index_shortening: 1
  data_block_hash_table_util_ratio: 0.750000
  hash_index_allow_collision: 1
  checksum: 1
  no_block_cache: 0
  block_cache: 0x5584ec92a0c0
  block_cache_name: LRUCache
  block_cache_options:
    capacity : 8388608
    num_shard_bits : 4
    strict_capacity_limit : 0
    memory_allocator : None
    high_pri_pool_ratio: 0.000
  block_cache_compressed: (nil)
  persistent_cache: (nil)
  block_size: 4096
  block_size_deviation: 10
  block_restart_interval: 16
  index_block_restart_interval: 1
  metadata_block_size: 4096
  partition_filters: 0
  use_delta_encoding: 1
  filter_policy: nullptr
  whole_key_filtering: 1
  verify_compression: 0
  read_amp_bytes_per_bit: 0
  format_version: 4
  enable_index_compression: 1
  block_align: 0
2021/07/27-10:36:21.496319 7ff7f2df5d40        Options.write_buffer_size: 67108864
2021/07/27-10:36:21.496320 7ff7f2df5d40  Options.max_write_buffer_number: 2
2021/07/27-10:36:21.496320 7ff7f2df5d40          Options.compression: NoCompression
2021/07/27-10:36:21.496321 7ff7f2df5d40                  Options.bottommost_compression: Disabled
2021/07/27-10:36:21.496322 7ff7f2df5d40       Options.prefix_extractor: nullptr
2021/07/27-10:36:21.496323 7ff7f2df5d40   Options.memtable_insert_with_hint_prefix_extractor: nullptr
2021/07/27-10:36:21.496323 7ff7f2df5d40             Options.num_levels: 7
2021/07/27-10:36:21.496324 7ff7f2df5d40        Options.min_write_buffer_number_to_merge: 1
2021/07/27-10:36:21.496325 7ff7f2df5d40     Options.max_write_buffer_number_to_maintain: 0
2021/07/27-10:36:21.496325 7ff7f2df5d40     Options.max_write_buffer_size_to_maintain: 0
2021/07/27-10:36:21.496326 7ff7f2df5d40            Options.bottommost_compression_opts.window_bits: -14
2021/07/27-10:36:21.496327 7ff7f2df5d40                  Options.bottommost_compression_opts.level: 32767
2021/07/27-10:36:21.496327 7ff7f2df5d40               Options.bottommost_compression_opts.strategy: 0
2021/07/27-10:36:21.496328 7ff7f2df5d40         Options.bottommost_compression_opts.max_dict_bytes: 0
2021/07/27-10:36:21.496338 7ff7f2df5d40         Options.bottommost_compression_opts.zstd_max_train_bytes: 0
2021/07/27-10:36:21.496339 7ff7f2df5d40         Options.bottommost_compression_opts.parallel_threads: 1
2021/07/27-10:36:21.496339 7ff7f2df5d40                  Options.bottommost_compression_opts.enabled: false
2021/07/27-10:36:21.496340 7ff7f2df5d40            Options.compression_opts.window_bits: -14
2021/07/27-10:36:21.496341 7ff7f2df5d40                  Options.compression_opts.level: 32767
2021/07/27-10:36:21.496342 7ff7f2df5d40               Options.compression_opts.strategy: 0
2021/07/27-10:36:21.496342 7ff7f2df5d40         Options.compression_opts.max_dict_bytes: 0
2021/07/27-10:36:21.496343 7ff7f2df5d40         Options.compression_opts.zstd_max_train_bytes: 0
2021/07/27-10:36:21.496343 7ff7f2df5d40         Options.compression_opts.parallel_threads: 1
2021/07/27-10:36:21.496344 7ff7f2df5d40                  Options.compression_opts.enabled: false
2021/07/27-10:36:21.496345 7ff7f2df5d40      Options.level0_file_num_compaction_trigger: 4
2021/07/27-10:36:21.496345 7ff7f2df5d40          Options.level0_slowdown_writes_trigger: 20
2021/07/27-10:36:21.496346 7ff7f2df5d40              Options.level0_stop_writes_trigger: 36
2021/07/27-10:36:21.496346 7ff7f2df5d40                   Options.target_file_size_base: 67108864
2021/07/27-10:36:21.496347 7ff7f2df5d40             Options.target_file_size_multiplier: 1
2021/07/27-10:36:21.496348 7ff7f2df5d40                Options.max_bytes_for_level_base: 268435456
2021/07/27-10:36:21.496348 7ff7f2df5d40 Options.level_compaction_dynamic_level_bytes: 0
2021/07/27-10:36:21.496349 7ff7f2df5d40          Options.max_bytes_for_level_multiplier: 10.000000
2021/07/27-10:36:21.496351 7ff7f2df5d40 Options.max_bytes_for_level_multiplier_addtl[0]: 1
2021/07/27-10:36:21.496351 7ff7f2df5d40 Options.max_bytes_for_level_multiplier_addtl[1]: 1
2021/07/27-10:36:21.496352 7ff7f2df5d40 Options.max_bytes_for_level_multiplier_addtl[2]: 1
2021/07/27-10:36:21.496353 7ff7f2df5d40 Options.max_bytes_for_level_multiplier_addtl[3]: 1
2021/07/27-10:36:21.496353 7ff7f2df5d40 Options.max_bytes_for_level_multiplier_addtl[4]: 1
2021/07/27-10:36:21.496354 7ff7f2df5d40 Options.max_bytes_for_level_multiplier_addtl[5]: 1
2021/07/27-10:36:21.496354 7ff7f2df5d40 Options.max_bytes_for_level_multiplier_addtl[6]: 1
2021/07/27-10:36:21.496355 7ff7f2df5d40       Options.max_sequential_skip_in_iterations: 8
2021/07/27-10:36:21.496356 7ff7f2df5d40                    Options.max_compaction_bytes: 1677721600
2021/07/27-10:36:21.496356 7ff7f2df5d40                        Options.arena_block_size: 8388608
2021/07/27-10:36:21.496357 7ff7f2df5d40   Options.soft_pending_compaction_bytes_limit: 68719476736
2021/07/27-10:36:21.496358 7ff7f2df5d40   Options.hard_pending_compaction_bytes_limit: 274877906944
2021/07/27-10:36:21.496358 7ff7f2df5d40       Options.rate_limit_delay_max_milliseconds: 100
2021/07/27-10:36:21.496359 7ff7f2df5d40                Options.disable_auto_compactions: 0
2021/07/27-10:36:21.496360 7ff7f2df5d40                        Options.compaction_style: kCompactionStyleLevel
2021/07/27-10:36:21.496362 7ff7f2df5d40                          Options.compaction_pri: kMinOverlappingRatio
2021/07/27-10:36:21.496362 7ff7f2df5d40 Options.compaction_options_universal.size_ratio: 1
2021/07/27-10:36:21.496363 7ff7f2df5d40 Options.compaction_options_universal.min_merge_width: 2
2021/07/27-10:36:21.496364 7ff7f2df5d40 Options.compaction_options_universal.max_merge_width: 4294967295
2021/07/27-10:36:21.496364 7ff7f2df5d40 Options.compaction_options_universal.max_size_amplification_percent: 200
2021/07/27-10:36:21.496365 7ff7f2df5d40 Options.compaction_options_universal.compression_size_percent: -1
2021/07/27-10:36:21.496366 7ff7f2df5d40 Options.compaction_options_universal.stop_style: kCompactionStopStyleTotalSize
2021/07/27-10:36:21.496367 7ff7f2df5d40 Options.compaction_options_fifo.max_table_files_size: 1073741824
2021/07/27-10:36:21.496367 7ff7f2df5d40 Options.compaction_options_fifo.allow_compaction: 0
2021/07/27-10:36:21.496379 7ff7f2df5d40                   Options.table_properties_collectors: 
2021/07/27-10:36:21.496380 7ff7f2df5d40                   Options.inplace_update_support: 0
2021/07/27-10:36:21.496380 7ff7f2df5d40                 Options.inplace_update_num_locks: 10000
2021/07/27-10:36:21.496381 7ff7f2df5d40               Options.memtable_prefix_bloom_size_ratio: 0.000000
2021/07/27-10:36:21.496382 7ff7f2df5d40               Options.memtable_whole_key_filtering: 0
2021/07/27-10:36:21.496383 7ff7f2df5d40   Options.memtable_huge_page_size: 0
2021/07/27-10:36:21.496383 7ff7f2df5d40                           Options.bloom_locality: 0
2021/07/27-10:36:21.496384 7ff7f2df5d40                    Options.max_successive_merges: 0
2021/07/27-10:36:21.496385 7ff7f2df5d40                Options.optimize_filters_for_hits: 0
2021/07/27-10:36:21.496385 7ff7f2df5d40                Options.paranoid_file_checks: 0
2021/07/27-10:36:21.496386 7ff7f2df5d40                Options.force_consistency_checks: 1
2021/07/27-10:36:21.496386 7ff7f2df5d40                Options.report_bg_io_stats: 0
2021/07/27-10:36:21.496387 7ff7f2df5d40                               Options.ttl: 2592000
2021/07/27-10:36:21.496388 7ff7f2df5d40          Options.periodic_compaction_seconds: 0
2021/07/27-10:36:21.496389 7ff7f2df5d40                    Options.enable_blob_files: false
2021/07/27-10:36:21.496389 7ff7f2df5d40                        Options.min_blob_size: 0
2021/07/27-10:36:21.496390 7ff7f2df5d40                       Options.blob_file_size: 268435456
2021/07/27-10:36:21.496391 7ff7f2df5d40                Options.blob_compression_type: NoCompression
2021/07/27-10:36:21.496391 7ff7f2df5d40       Options.enable_blob_garbage_collection: false
2021/07/27-10:36:21.496392 7ff7f2df5d40   Options.blob_garbage_collection_age_cutoff: 0.250000
2021/07/27-10:36:21.496453 7ff7f2df5d40 [db/column_family.cc:597] --------------- Options for column family [meta]:
2021/07/27-10:36:21.496454 7ff7f2df5d40               Options.comparator: leveldb.BytewiseComparator
2021/07/27-10:36:21.496454 7ff7f2df5d40           Options.merge_operator: None
2021/07/27-10:36:21.496455 7ff7f2df5d40        Options.compaction_filter: None
2021/07/27-10:36:21.496457 7ff7f2df5d40        Options.compaction_filter_factory: purged_slot_filter_factory(meta)
2021/07/27-10:36:21.496457 7ff7f2df5d40  Options.sst_partitioner_factory: None
2021/07/27-10:36:21.496458 7ff7f2df5d40         Options.memtable_factory: SkipListFactory
2021/07/27-10:36:21.496459 7ff7f2df5d40            Options.table_factory: BlockBasedTable
2021/07/27-10:36:21.496476 7ff7f2df5d40            table_factory options:   flush_block_policy_factory: FlushBlockBySizePolicyFactory (0x5584ec9061b0)
  cache_index_and_filter_blocks: 0
  cache_index_and_filter_blocks_with_high_priority: 1
  pin_l0_filter_and_index_blocks_in_cache: 0
  pin_top_level_index_and_filter: 1
  index_type: 0
  data_block_index_type: 0
  index_shortening: 1
  data_block_hash_table_util_ratio: 0.750000
  hash_index_allow_collision: 1
  checksum: 1
  no_block_cache: 0
  block_cache: 0x5584ec906200
  block_cache_name: LRUCache
  block_cache_options:
    capacity : 8388608
    num_shard_bits : 4
    strict_capacity_limit : 0
    memory_allocator : None
    high_pri_pool_ratio: 0.000
  block_cache_compressed: (nil)
  persistent_cache: (nil)
  block_size: 4096
  block_size_deviation: 10
  block_restart_interval: 16
  index_block_restart_interval: 1
  metadata_block_size: 4096
  partition_filters: 0
  use_delta_encoding: 1
  filter_policy: nullptr
  whole_key_filtering: 1
  verify_compression: 0
  read_amp_bytes_per_bit: 0
  format_version: 4
  enable_index_compression: 1
  block_align: 0
2021/07/27-10:36:21.496477 7ff7f2df5d40        Options.write_buffer_size: 268435456
2021/07/27-10:36:21.496477 7ff7f2df5d40  Options.max_write_buffer_number: 8
2021/07/27-10:36:21.496478 7ff7f2df5d40          Options.compression: NoCompression
2021/07/27-10:36:21.496479 7ff7f2df5d40                  Options.bottommost_compression: Disabled
2021/07/27-10:36:21.496479 7ff7f2df5d40       Options.prefix_extractor: nullptr
2021/07/27-10:36:21.496491 7ff7f2df5d40   Options.memtable_insert_with_hint_prefix_extractor: nullptr
2021/07/27-10:36:21.496492 7ff7f2df5d40             Options.num_levels: 7
2021/07/27-10:36:21.496492 7ff7f2df5d40        Options.min_write_buffer_number_to_merge: 1
2021/07/27-10:36:21.496493 7ff7f2df5d40     Options.max_write_buffer_number_to_maintain: 0
2021/07/27-10:36:21.496493 7ff7f2df5d40     Options.max_write_buffer_size_to_maintain: 0
2021/07/27-10:36:21.496494 7ff7f2df5d40            Options.bottommost_compression_opts.window_bits: -14
2021/07/27-10:36:21.496495 7ff7f2df5d40                  Options.bottommost_compression_opts.level: 32767
2021/07/27-10:36:21.496495 7ff7f2df5d40               Options.bottommost_compression_opts.strategy: 0
2021/07/27-10:36:21.496496 7ff7f2df5d40         Options.bottommost_compression_opts.max_dict_bytes: 0
2021/07/27-10:36:21.496496 7ff7f2df5d40         Options.bottommost_compression_opts.zstd_max_train_bytes: 0
2021/07/27-10:36:21.496497 7ff7f2df5d40         Options.bottommost_compression_opts.parallel_threads: 1
2021/07/27-10:36:21.496498 7ff7f2df5d40                  Options.bottommost_compression_opts.enabled: false
2021/07/27-10:36:21.496498 7ff7f2df5d40            Options.compression_opts.window_bits: -14
2021/07/27-10:36:21.496499 7ff7f2df5d40                  Options.compression_opts.level: 32767
2021/07/27-10:36:21.496499 7ff7f2df5d40               Options.compression_opts.strategy: 0
2021/07/27-10:36:21.496500 7ff7f2df5d40         Options.compression_opts.max_dict_bytes: 0
2021/07/27-10:36:21.496501 7ff7f2df5d40         Options.compression_opts.zstd_max_train_bytes: 0
2021/07/27-10:36:21.496501 7ff7f2df5d40         Options.compression_opts.parallel_threads: 1
2021/07/27-10:36:21.496502 7ff7f2df5d40                  Options.compression_opts.enabled: false
2021/07/27-10:36:21.496502 7ff7f2df5d40      Options.level0_file_num_compaction_trigger: 4
2021/07/27-10:36:21.496503 7ff7f2df5d40          Options.level0_slowdown_writes_trigger: 20
2021/07/27-10:36:21.496504 7ff7f2df5d40              Options.level0_stop_writes_trigger: 36
2021/07/27-10:36:21.496504 7ff7f2df5d40                   Options.target_file_size_base: 107374182
2021/07/27-10:36:21.496505 7ff7f2df5d40             Options.target_file_size_multiplier: 1
2021/07/27-10:36:21.496505 7ff7f2df5d40                Options.max_bytes_for_level_base: 1073741824
2021/07/27-10:36:21.496506 7ff7f2df5d40 Options.level_compaction_dynamic_level_bytes: 0
2021/07/27-10:36:21.496507 7ff7f2df5d40          Options.max_bytes_for_level_multiplier: 10.000000
2021/07/27-10:36:21.496508 7ff7f2df5d40 Options.max_bytes_for_level_multiplier_addtl[0]: 1
2021/07/27-10:36:21.496509 7ff7f2df5d40 Options.max_bytes_for_level_multiplier_addtl[1]: 1
2021/07/27-10:36:21.496509 7ff7f2df5d40 Options.max_bytes_for_level_multiplier_addtl[2]: 1
2021/07/27-10:36:21.496510 7ff7f2df5d40 Options.max_bytes_for_level_multiplier_addtl[3]: 1
2021/07/27-10:36:21.496510 7ff7f2df5d40 Options.max_bytes_for_level_multiplier_addtl[4]: 1
2021/07/27-10:36:21.496511 7ff7f2df5d40 Options.max_bytes_for_level_multiplier_addtl[5]: 1
2021/07/27-10:36:21.496512 7ff7f2df5d40 Options.max_bytes_for_level_multiplier_addtl[6]: 1
2021/07/27-10:36:21.496512 7ff7f2df5d40       Options.max_sequential_skip_in_iterations: 8
2021/07/27-10:36:21.496513 7ff7f2df5d40                    Options.max_compaction_bytes: 2684354550
2021/07/27-10:36:21.496513 7ff7f2df5d40                        Options.arena_block_size: 33554432
2021/07/27-10:36:21.496514 7ff7f2df5d40   Options.soft_pending_compaction_bytes_limit: 68719476736
2021/07/27-10:36:21.496515 7ff7f2df5d40   Options.hard_pending_compaction_bytes_limit: 274877906944
2021/07/27-10:36:21.496515 7ff7f2df5d40       Options.rate_limit_delay_max_milliseconds: 100
2021/07/27-10:36:21.496516 7ff7f2df5d40                Options.disable_auto_compactions: 0
2021/07/27-10:36:21.496517 7ff7f2df5d40                        Options.compaction_style: kCompactionStyleLevel
2021/07/27-10:36:21.496517 7ff7f2df5d40                          Options.compaction_pri: kMinOverlappingRatio
2021/07/27-10:36:21.496525 7ff7f2df5d40 Options.compaction_options_universal.size_ratio: 1
2021/07/27-10:36:21.496525 7ff7f2df5d40 Options.compaction_options_universal.min_merge_width: 2
2021/07/27-10:36:21.496526 7ff7f2df5d40 Options.compaction_options_universal.max_merge_width: 4294967295
2021/07/27-10:36:21.496527 7ff7f2df5d40 Options.compaction_options_universal.max_size_amplification_percent: 200
2021/07/27-10:36:21.496527 7ff7f2df5d40 Options.compaction_options_universal.compression_size_percent: -1
2021/07/27-10:36:21.496528 7ff7f2df5d40 Options.compaction_options_universal.stop_style: kCompactionStopStyleTotalSize
2021/07/27-10:36:21.496529 7ff7f2df5d40 Options.compaction_options_fifo.max_table_files_size: 1073741824
2021/07/27-10:36:21.496529 7ff7f2df5d40 Options.compaction_options_fifo.allow_compaction: 0
2021/07/27-10:36:21.496531 7ff7f2df5d40                   Options.table_properties_collectors: 
2021/07/27-10:36:21.496531 7ff7f2df5d40                   Options.inplace_update_support: 0
2021/07/27-10:36:21.496532 7ff7f2df5d40                 Options.inplace_update_num_locks: 10000
2021/07/27-10:36:21.496533 7ff7f2df5d40               Options.memtable_prefix_bloom_size_ratio: 0.000000
2021/07/27-10:36:21.496533 7ff7f2df5d40               Options.memtable_whole_key_filtering: 0
2021/07/27-10:36:21.496534 7ff7f2df5d40   Options.memtable_huge_page_size: 0
2021/07/27-10:36:21.496535 7ff7f2df5d40                           Options.bloom_locality: 0
2021/07/27-10:36:21.496535 7ff7f2df5d40                    Options.max_successive_merges: 0
2021/07/27-10:36:21.496536 7ff7f2df5d40                Options.optimize_filters_for_hits: 0
2021/07/27-10:36:21.496536 7ff7f2df5d40                Options.paranoid_file_checks: 0
2021/07/27-10:36:21.496537 7ff7f2df5d40                Options.force_consistency_checks: 1
2021/07/27-10:36:21.496538 7ff7f2df5d40                Options.report_bg_io_stats: 0
2021/07/27-10:36:21.496538 7ff7f2df5d40                               Options.ttl: 2592000
2021/07/27-10:36:21.496539 7ff7f2df5d40          Options.periodic_compaction_seconds: 2592000
2021/07/27-10:36:21.496539 7ff7f2df5d40                    Options.enable_blob_files: false
2021/07/27-10:36:21.496540 7ff7f2df5d40                        Options.min_blob_size: 0
2021/07/27-10:36:21.496541 7ff7f2df5d40                       Options.blob_file_size: 268435456
2021/07/27-10:36:21.496541 7ff7f2df5d40                Options.blob_compression_type: NoCompression
2021/07/27-10:36:21.496542 7ff7f2df5d40       Options.enable_blob_garbage_collection: false
2021/07/27-10:36:21.496543 7ff7f2df5d40   Options.blob_garbage_collection_age_cutoff: 0.250000
2021/07/27-10:36:21.496580 7ff7f2df5d40 [db/column_family.cc:597] --------------- Options for column family [dead_slots]:
2021/07/27-10:36:21.496581 7ff7f2df5d40               Options.comparator: leveldb.BytewiseComparator
2021/07/27-10:36:21.496581 7ff7f2df5d40           Options.merge_operator: None
2021/07/27-10:36:21.496582 7ff7f2df5d40        Options.compaction_filter: None
2021/07/27-10:36:21.496583 7ff7f2df5d40        Options.compaction_filter_factory: purged_slot_filter_factory(dead_slots)
2021/07/27-10:36:21.496583 7ff7f2df5d40  Options.sst_partitioner_factory: None
2021/07/27-10:36:21.496584 7ff7f2df5d40         Options.memtable_factory: SkipListFactory
2021/07/27-10:36:21.496585 7ff7f2df5d40            Options.table_factory: BlockBasedTable
2021/07/27-10:36:21.496603 7ff7f2df5d40            table_factory options:   flush_block_policy_factory: FlushBlockBySizePolicyFactory (0x5584ec908410)
  cache_index_and_filter_blocks: 0
  cache_index_and_filter_blocks_with_high_priority: 1
  pin_l0_filter_and_index_blocks_in_cache: 0
  pin_top_level_index_and_filter: 1
  index_type: 0
  data_block_index_type: 0
  index_shortening: 1
  data_block_hash_table_util_ratio: 0.750000
  hash_index_allow_collision: 1
  checksum: 1
  no_block_cache: 0
  block_cache: 0x5584ec908460
  block_cache_name: LRUCache
  block_cache_options:
    capacity : 8388608
    num_shard_bits : 4
    strict_capacity_limit : 0
    memory_allocator : None
    high_pri_pool_ratio: 0.000
  block_cache_compressed: (nil)
  persistent_cache: (nil)
  block_size: 4096
  block_size_deviation: 10
  block_restart_interval: 16
  index_block_restart_interval: 1
  metadata_block_size: 4096
  partition_filters: 0
  use_delta_encoding: 1
  filter_policy: nullptr
  whole_key_filtering: 1
  verify_compression: 0
  read_amp_bytes_per_bit: 0
  format_version: 4
  enable_index_compression: 1
  block_align: 0
2021/07/27-10:36:21.496616 7ff7f2df5d40        Options.write_buffer_size: 268435456
2021/07/27-10:36:21.496617 7ff7f2df5d40  Options.max_write_buffer_number: 8
2021/07/27-10:36:21.496618 7ff7f2df5d40          Options.compression: NoCompression
2021/07/27-10:36:21.496618 7ff7f2df5d40                  Options.bottommost_compression: Disabled
2021/07/27-10:36:21.496619 7ff7f2df5d40       Options.prefix_extractor: nullptr
2021/07/27-10:36:21.496619 7ff7f2df5d40   Options.memtable_insert_with_hint_prefix_extractor: nullptr
2021/07/27-10:36:21.496620 7ff7f2df5d40             Options.num_levels: 7
2021/07/27-10:36:21.496621 7ff7f2df5d40        Options.min_write_buffer_number_to_merge: 1
2021/07/27-10:36:21.496621 7ff7f2df5d40     Options.max_write_buffer_number_to_maintain: 0
2021/07/27-10:36:21.496622 7ff7f2df5d40     Options.max_write_buffer_size_to_maintain: 0
2021/07/27-10:36:21.496622 7ff7f2df5d40            Options.bottommost_compression_opts.window_bits: -14
2021/07/27-10:36:21.496623 7ff7f2df5d40                  Options.bottommost_compression_opts.level: 32767
2021/07/27-10:36:21.496624 7ff7f2df5d40               Options.bottommost_compression_opts.strategy: 0
2021/07/27-10:36:21.496624 7ff7f2df5d40         Options.bottommost_compression_opts.max_dict_bytes: 0
2021/07/27-10:36:21.496625 7ff7f2df5d40         Options.bottommost_compression_opts.zstd_max_train_bytes: 0
2021/07/27-10:36:21.496625 7ff7f2df5d40         Options.bottommost_compression_opts.parallel_threads: 1
2021/07/27-10:36:21.496626 7ff7f2df5d40                  Options.bottommost_compression_opts.enabled: false
2021/07/27-10:36:21.496627 7ff7f2df5d40            Options.compression_opts.window_bits: -14
2021/07/27-10:36:21.496627 7ff7f2df5d40                  Options.compression_opts.level: 32767
2021/07/27-10:36:21.496628 7ff7f2df5d40               Options.compression_opts.strategy: 0
2021/07/27-10:36:21.496628 7ff7f2df5d40         Options.compression_opts.max_dict_bytes: 0
2021/07/27-10:36:21.496629 7ff7f2df5d40         Options.compression_opts.zstd_max_train_bytes: 0
2021/07/27-10:36:21.496630 7ff7f2df5d40         Options.compression_opts.parallel_threads: 1
2021/07/27-10:36:21.496630 7ff7f2df5d40                  Options.compression_opts.enabled: false
2021/07/27-10:36:21.496631 7ff7f2df5d40      Options.level0_file_num_compaction_trigger: 4
2021/07/27-10:36:21.496631 7ff7f2df5d40          Options.level0_slowdown_writes_trigger: 20
2021/07/27-10:36:21.496632 7ff7f2df5d40              Options.level0_stop_writes_trigger: 36
2021/07/27-10:36:21.496632 7ff7f2df5d40                   Options.target_file_size_base: 107374182
2021/07/27-10:36:21.496633 7ff7f2df5d40             Options.target_file_size_multiplier: 1
2021/07/27-10:36:21.496634 7ff7f2df5d40                Options.max_bytes_for_level_base: 1073741824
2021/07/27-10:36:21.496634 7ff7f2df5d40 Options.level_compaction_dynamic_level_bytes: 0
2021/07/27-10:36:21.496635 7ff7f2df5d40          Options.max_bytes_for_level_multiplier: 10.000000
2021/07/27-10:36:21.496636 7ff7f2df5d40 Options.max_bytes_for_level_multiplier_addtl[0]: 1
2021/07/27-10:36:21.496637 7ff7f2df5d40 Options.max_bytes_for_level_multiplier_addtl[1]: 1
2021/07/27-10:36:21.496637 7ff7f2df5d40 Options.max_bytes_for_level_multiplier_addtl[2]: 1
2021/07/27-10:36:21.496638 7ff7f2df5d40 Options.max_bytes_for_level_multiplier_addtl[3]: 1
2021/07/27-10:36:21.496639 7ff7f2df5d40 Options.max_bytes_for_level_multiplier_addtl[4]: 1
2021/07/27-10:36:21.496639 7ff7f2df5d40 Options.max_bytes_for_level_multiplier_addtl[5]: 1
2021/07/27-10:36:21.496647 7ff7f2df5d40 Options.max_bytes_for_level_multiplier_addtl[6]: 1
2021/07/27-10:36:21.496648 7ff7f2df5d40       Options.max_sequential_skip_in_iterations: 8
2021/07/27-10:36:21.496648 7ff7f2df5d40                    Options.max_compaction_bytes: 2684354550
2021/07/27-10:36:21.496649 7ff7f2df5d40                        Options.arena_block_size: 33554432
2021/07/27-10:36:21.496649 7ff7f2df5d40   Options.soft_pending_compaction_bytes_limit: 68719476736
2021/07/27-10:36:21.496650 7ff7f2df5d40   Options.hard_pending_compaction_bytes_limit: 274877906944
2021/07/27-10:36:21.496651 7ff7f2df5d40       Options.rate_limit_delay_max_milliseconds: 100
2021/07/27-10:36:21.496651 7ff7f2df5d40                Options.disable_auto_compactions: 0
2021/07/27-10:36:21.496652 7ff7f2df5d40                        Options.compaction_style: kCompactionStyleLevel
2021/07/27-10:36:21.496653 7ff7f2df5d40                          Options.compaction_pri: kMinOverlappingRatio
2021/07/27-10:36:21.496653 7ff7f2df5d40 Options.compaction_options_universal.size_ratio: 1
2021/07/27-10:36:21.496654 7ff7f2df5d40 Options.compaction_options_universal.min_merge_width: 2
2021/07/27-10:36:21.496654 7ff7f2df5d40 Options.compaction_options_universal.max_merge_width: 4294967295
2021/07/27-10:36:21.496655 7ff7f2df5d40 Options.compaction_options_universal.max_size_amplification_percent: 200
2021/07/27-10:36:21.496656 7ff7f2df5d40 Options.compaction_options_universal.compression_size_percent: -1
2021/07/27-10:36:21.496657 7ff7f2df5d40 Options.compaction_options_universal.stop_style: kCompactionStopStyleTotalSize
2021/07/27-10:36:21.496657 7ff7f2df5d40 Options.compaction_options_fifo.max_table_files_size: 1073741824
2021/07/27-10:36:21.496658 7ff7f2df5d40 Options.compaction_options_fifo.allow_compaction: 0
2021/07/27-10:36:21.496668 7ff7f2df5d40                   Options.table_properties_collectors: 
2021/07/27-10:36:21.496668 7ff7f2df5d40                   Options.inplace_update_support: 0
2021/07/27-10:36:21.496669 7ff7f2df5d40                 Options.inplace_update_num_locks: 10000
2021/07/27-10:36:21.496670 7ff7f2df5d40               Options.memtable_prefix_bloom_size_ratio: 0.000000
2021/07/27-10:36:21.496670 7ff7f2df5d40               Options.memtable_whole_key_filtering: 0
2021/07/27-10:36:21.496671 7ff7f2df5d40   Options.memtable_huge_page_size: 0
2021/07/27-10:36:21.496672 7ff7f2df5d40                           Options.bloom_locality: 0
2021/07/27-10:36:21.496672 7ff7f2df5d40                    Options.max_successive_merges: 0
2021/07/27-10:36:21.496673 7ff7f2df5d40                Options.optimize_filters_for_hits: 0
2021/07/27-10:36:21.496673 7ff7f2df5d40                Options.paranoid_file_checks: 0
2021/07/27-10:36:21.496674 7ff7f2df5d40                Options.force_consistency_checks: 1
2021/07/27-10:36:21.496675 7ff7f2df5d40                Options.report_bg_io_stats: 0
2021/07/27-10:36:21.496675 7ff7f2df5d40                               Options.ttl: 2592000
2021/07/27-10:36:21.496676 7ff7f2df5d40          Options.periodic_compaction_seconds: 2592000
2021/07/27-10:36:21.496676 7ff7f2df5d40                    Options.enable_blob_files: false
2021/07/27-10:36:21.496677 7ff7f2df5d40                        Options.min_blob_size: 0
2021/07/27-10:36:21.496678 7ff7f2df5d40                       Options.blob_file_size: 268435456
2021/07/27-10:36:21.496678 7ff7f2df5d40                Options.blob_compression_type: NoCompression
2021/07/27-10:36:21.496679 7ff7f2df5d40       Options.enable_blob_garbage_collection: false
2021/07/27-10:36:21.496679 7ff7f2df5d40   Options.blob_garbage_collection_age_cutoff: 0.250000
2021/07/27-10:36:21.496706 7ff7f2df5d40 [db/column_family.cc:597] --------------- Options for column family [duplicate_slots]:
2021/07/27-10:36:21.496706 7ff7f2df5d40               Options.comparator: leveldb.BytewiseComparator
2021/07/27-10:36:21.496707 7ff7f2df5d40           Options.merge_operator: None
2021/07/27-10:36:21.496708 7ff7f2df5d40        Options.compaction_filter: None
2021/07/27-10:36:21.496708 7ff7f2df5d40        Options.compaction_filter_factory: purged_slot_filter_factory(duplicate_slots)
2021/07/27-10:36:21.496718 7ff7f2df5d40  Options.sst_partitioner_factory: None
2021/07/27-10:36:21.496718 7ff7f2df5d40         Options.memtable_factory: SkipListFactory
2021/07/27-10:36:21.496719 7ff7f2df5d40            Options.table_factory: BlockBasedTable
2021/07/27-10:36:21.496733 7ff7f2df5d40            table_factory options:   flush_block_policy_factory: FlushBlockBySizePolicyFactory (0x5584ec90a650)
  cache_index_and_filter_blocks: 0
  cache_index_and_filter_blocks_with_high_priority: 1
  pin_l0_filter_and_index_blocks_in_cache: 0
  pin_top_level_index_and_filter: 1
  index_type: 0
  data_block_index_type: 0
  index_shortening: 1
  data_block_hash_table_util_ratio: 0.750000
  hash_index_allow_collision: 1
  checksum: 1
  no_block_cache: 0
  block_cache: 0x5584ec90a6a0
  block_cache_name: LRUCache
  block_cache_options:
    capacity : 8388608
    num_shard_bits : 4
    strict_capacity_limit : 0
    memory_allocator : None
    high_pri_pool_ratio: 0.000
  block_cache_compressed: (nil)
  persistent_cache: (nil)
  block_size: 4096
  block_size_deviation: 10
  block_restart_interval: 16
  index_block_restart_interval: 1
  metadata_block_size: 4096
  partition_filters: 0
  use_delta_encoding: 1
  filter_policy: nullptr
  whole_key_filtering: 1
  verify_compression: 0
  read_amp_bytes_per_bit: 0
  format_version: 4
  enable_index_compression: 1
  block_align: 0
2021/07/27-10:36:21.496734 7ff7f2df5d40        Options.write_buffer_size: 268435456
2021/07/27-10:36:21.496734 7ff7f2df5d40  Options.max_write_buffer_number: 8
2021/07/27-10:36:21.496735 7ff7f2df5d40          Options.compression: NoCompression
2021/07/27-10:36:21.496735 7ff7f2df5d40                  Options.bottommost_compression: Disabled
2021/07/27-10:36:21.496824 7ff7f2df5d40       Options.prefix_extractor: nullptr
2021/07/27-10:36:21.496825 7ff7f2df5d40   Options.memtable_insert_with_hint_prefix_extractor: nullptr
2021/07/27-10:36:21.496826 7ff7f2df5d40             Options.num_levels: 7
2021/07/27-10:36:21.496827 7ff7f2df5d40        Options.min_write_buffer_number_to_merge: 1
2021/07/27-10:36:21.496828 7ff7f2df5d40     Options.max_write_buffer_number_to_maintain: 0
2021/07/27-10:36:21.496829 7ff7f2df5d40     Options.max_write_buffer_size_to_maintain: 0
2021/07/27-10:36:21.496830 7ff7f2df5d40            Options.bottommost_compression_opts.window_bits: -14
2021/07/27-10:36:21.496832 7ff7f2df5d40                  Options.bottommost_compression_opts.level: 32767
2021/07/27-10:36:21.496833 7ff7f2df5d40               Options.bottommost_compression_opts.strategy: 0
2021/07/27-10:36:21.496834 7ff7f2df5d40         Options.bottommost_compression_opts.max_dict_bytes: 0
2021/07/27-10:36:21.496835 7ff7f2df5d40         Options.bottommost_compression_opts.zstd_max_train_bytes: 0
2021/07/27-10:36:21.496836 7ff7f2df5d40         Options.bottommost_compression_opts.parallel_threads: 1
