2021/07/27-10:32:25.812871 7f8d1f4f3d40 RocksDB version: 6.17.3
2021/07/27-10:32:25.812924 7f8d1f4f3d40 Git sha rocksdb_build_git_sha:@09c7e96eac1ab983f97ce9e0406730b8014b3398@
2021/07/27-10:32:25.812925 7f8d1f4f3d40 Compile date Jul 16 2021
2021/07/27-10:32:25.812977 7f8d1f4f3d40 DB SUMMARY
2021/07/27-10:32:25.812979 7f8d1f4f3d40 DB Session ID:  G02JR6IF7VX3O5H99PJW
2021/07/27-10:32:25.813001 7f8d1f4f3d40 SST files in test-ledger/rocksdb dir, Total Num: 0, files: 
2021/07/27-10:32:25.813002 7f8d1f4f3d40 Write Ahead Log file in test-ledger/rocksdb: 
2021/07/27-10:32:25.813004 7f8d1f4f3d40                         Options.error_if_exists: 0
2021/07/27-10:32:25.813005 7f8d1f4f3d40                       Options.create_if_missing: 1
2021/07/27-10:32:25.813006 7f8d1f4f3d40                         Options.paranoid_checks: 1
2021/07/27-10:32:25.813007 7f8d1f4f3d40                               Options.track_and_verify_wals_in_manifest: 0
2021/07/27-10:32:25.813007 7f8d1f4f3d40                                     Options.env: 0x56528484d7a0
2021/07/27-10:32:25.813008 7f8d1f4f3d40                                      Options.fs: Posix File System
2021/07/27-10:32:25.813009 7f8d1f4f3d40                                Options.info_log: 0x565284a5fd80
2021/07/27-10:32:25.813010 7f8d1f4f3d40                Options.max_file_opening_threads: 16
2021/07/27-10:32:25.813011 7f8d1f4f3d40                              Options.statistics: (nil)
2021/07/27-10:32:25.813012 7f8d1f4f3d40                               Options.use_fsync: 0
2021/07/27-10:32:25.813012 7f8d1f4f3d40                       Options.max_log_file_size: 0
2021/07/27-10:32:25.813013 7f8d1f4f3d40                  Options.max_manifest_file_size: 1073741824
2021/07/27-10:32:25.813014 7f8d1f4f3d40                   Options.log_file_time_to_roll: 0
2021/07/27-10:32:25.813014 7f8d1f4f3d40                       Options.keep_log_file_num: 1000
2021/07/27-10:32:25.813015 7f8d1f4f3d40                    Options.recycle_log_file_num: 0
2021/07/27-10:32:25.813016 7f8d1f4f3d40                         Options.allow_fallocate: 1
2021/07/27-10:32:25.813016 7f8d1f4f3d40                        Options.allow_mmap_reads: 0
2021/07/27-10:32:25.813017 7f8d1f4f3d40                       Options.allow_mmap_writes: 0
2021/07/27-10:32:25.813017 7f8d1f4f3d40                        Options.use_direct_reads: 0
2021/07/27-10:32:25.813018 7f8d1f4f3d40                        Options.use_direct_io_for_flush_and_compaction: 0
2021/07/27-10:32:25.813019 7f8d1f4f3d40          Options.create_missing_column_families: 1
2021/07/27-10:32:25.813019 7f8d1f4f3d40                              Options.db_log_dir: 
2021/07/27-10:32:25.813020 7f8d1f4f3d40                                 Options.wal_dir: test-ledger/rocksdb
2021/07/27-10:32:25.813020 7f8d1f4f3d40                Options.table_cache_numshardbits: 6
2021/07/27-10:32:25.813021 7f8d1f4f3d40                         Options.WAL_ttl_seconds: 0
2021/07/27-10:32:25.813022 7f8d1f4f3d40                       Options.WAL_size_limit_MB: 0
2021/07/27-10:32:25.813022 7f8d1f4f3d40                        Options.max_write_batch_group_size_bytes: 1048576
2021/07/27-10:32:25.813023 7f8d1f4f3d40             Options.manifest_preallocation_size: 4194304
2021/07/27-10:32:25.813024 7f8d1f4f3d40                     Options.is_fd_close_on_exec: 1
2021/07/27-10:32:25.813024 7f8d1f4f3d40                   Options.advise_random_on_open: 1
2021/07/27-10:32:25.813025 7f8d1f4f3d40                    Options.db_write_buffer_size: 0
2021/07/27-10:32:25.813025 7f8d1f4f3d40                    Options.write_buffer_manager: 0x565284ac0d10
2021/07/27-10:32:25.813026 7f8d1f4f3d40         Options.access_hint_on_compaction_start: 1
2021/07/27-10:32:25.813027 7f8d1f4f3d40  Options.new_table_reader_for_compaction_inputs: 0
2021/07/27-10:32:25.813027 7f8d1f4f3d40           Options.random_access_max_buffer_size: 1048576
2021/07/27-10:32:25.813028 7f8d1f4f3d40                      Options.use_adaptive_mutex: 0
2021/07/27-10:32:25.813029 7f8d1f4f3d40                            Options.rate_limiter: (nil)
2021/07/27-10:32:25.813030 7f8d1f4f3d40     Options.sst_file_manager.rate_bytes_per_sec: 0
2021/07/27-10:32:25.813040 7f8d1f4f3d40                       Options.wal_recovery_mode: 2
2021/07/27-10:32:25.813041 7f8d1f4f3d40                  Options.enable_thread_tracking: 0
2021/07/27-10:32:25.813041 7f8d1f4f3d40                  Options.enable_pipelined_write: 0
2021/07/27-10:32:25.813042 7f8d1f4f3d40                  Options.unordered_write: 0
2021/07/27-10:32:25.813042 7f8d1f4f3d40         Options.allow_concurrent_memtable_write: 1
2021/07/27-10:32:25.813043 7f8d1f4f3d40      Options.enable_write_thread_adaptive_yield: 1
2021/07/27-10:32:25.813043 7f8d1f4f3d40             Options.write_thread_max_yield_usec: 100
2021/07/27-10:32:25.813044 7f8d1f4f3d40            Options.write_thread_slow_yield_usec: 3
2021/07/27-10:32:25.813045 7f8d1f4f3d40                               Options.row_cache: None
2021/07/27-10:32:25.813045 7f8d1f4f3d40                              Options.wal_filter: None
2021/07/27-10:32:25.813046 7f8d1f4f3d40             Options.avoid_flush_during_recovery: 0
2021/07/27-10:32:25.813047 7f8d1f4f3d40             Options.allow_ingest_behind: 0
2021/07/27-10:32:25.813047 7f8d1f4f3d40             Options.preserve_deletes: 0
2021/07/27-10:32:25.813048 7f8d1f4f3d40             Options.two_write_queues: 0
2021/07/27-10:32:25.813048 7f8d1f4f3d40             Options.manual_wal_flush: 0
2021/07/27-10:32:25.813049 7f8d1f4f3d40             Options.atomic_flush: 0
2021/07/27-10:32:25.813049 7f8d1f4f3d40             Options.avoid_unnecessary_blocking_io: 0
2021/07/27-10:32:25.813050 7f8d1f4f3d40                 Options.persist_stats_to_disk: 0
2021/07/27-10:32:25.813051 7f8d1f4f3d40                 Options.write_dbid_to_manifest: 0
2021/07/27-10:32:25.813051 7f8d1f4f3d40                 Options.log_readahead_size: 0
2021/07/27-10:32:25.813052 7f8d1f4f3d40                 Options.file_checksum_gen_factory: Unknown
2021/07/27-10:32:25.813053 7f8d1f4f3d40                 Options.best_efforts_recovery: 0
2021/07/27-10:32:25.813053 7f8d1f4f3d40                Options.max_bgerror_resume_count: 2147483647
2021/07/27-10:32:25.813054 7f8d1f4f3d40            Options.bgerror_resume_retry_interval: 1000000
2021/07/27-10:32:25.813055 7f8d1f4f3d40             Options.allow_data_in_errors: 0
2021/07/27-10:32:25.813055 7f8d1f4f3d40             Options.db_host_id: __hostname__
2021/07/27-10:32:25.813056 7f8d1f4f3d40             Options.max_background_jobs: 6
2021/07/27-10:32:25.813057 7f8d1f4f3d40             Options.max_background_compactions: -1
2021/07/27-10:32:25.813058 7f8d1f4f3d40             Options.max_subcompactions: 1
2021/07/27-10:32:25.813058 7f8d1f4f3d40             Options.avoid_flush_during_shutdown: 0
2021/07/27-10:32:25.813059 7f8d1f4f3d40           Options.writable_file_max_buffer_size: 1048576
2021/07/27-10:32:25.813060 7f8d1f4f3d40             Options.delayed_write_rate : 16777216
2021/07/27-10:32:25.813060 7f8d1f4f3d40             Options.max_total_wal_size: 4294967296
2021/07/27-10:32:25.813061 7f8d1f4f3d40             Options.delete_obsolete_files_period_micros: 21600000000
2021/07/27-10:32:25.813062 7f8d1f4f3d40                   Options.stats_dump_period_sec: 600
2021/07/27-10:32:25.813063 7f8d1f4f3d40                 Options.stats_persist_period_sec: 600
2021/07/27-10:32:25.813064 7f8d1f4f3d40                 Options.stats_history_buffer_size: 1048576
2021/07/27-10:32:25.813064 7f8d1f4f3d40                          Options.max_open_files: -1
2021/07/27-10:32:25.813065 7f8d1f4f3d40                          Options.bytes_per_sync: 0
2021/07/27-10:32:25.813065 7f8d1f4f3d40                      Options.wal_bytes_per_sync: 0
2021/07/27-10:32:25.813066 7f8d1f4f3d40                   Options.strict_bytes_per_sync: 0
2021/07/27-10:32:25.813067 7f8d1f4f3d40       Options.compaction_readahead_size: 0
2021/07/27-10:32:25.813067 7f8d1f4f3d40                  Options.max_background_flushes: -1
2021/07/27-10:32:25.813068 7f8d1f4f3d40 Compression algorithms supported:
2021/07/27-10:32:25.813069 7f8d1f4f3d40 	kZSTDNotFinalCompression supported: 0
2021/07/27-10:32:25.813070 7f8d1f4f3d40 	kZSTD supported: 0
2021/07/27-10:32:25.813079 7f8d1f4f3d40 	kXpressCompression supported: 0
2021/07/27-10:32:25.813080 7f8d1f4f3d40 	kLZ4HCCompression supported: 1
2021/07/27-10:32:25.813081 7f8d1f4f3d40 	kLZ4Compression supported: 1
2021/07/27-10:32:25.813081 7f8d1f4f3d40 	kBZip2Compression supported: 0
2021/07/27-10:32:25.813082 7f8d1f4f3d40 	kZlibCompression supported: 0
2021/07/27-10:32:25.813083 7f8d1f4f3d40 	kSnappyCompression supported: 0
2021/07/27-10:32:25.813087 7f8d1f4f3d40 Fast CRC32 supported: Supported on x86
2021/07/27-10:32:25.815786 7f8d1f4f3d40 [db/db_impl/db_impl_open.cc:283] Creating manifest 1 
2021/07/27-10:32:25.820805 7f8d1f4f3d40 [db/version_set.cc:4757] Recovering from manifest file: test-ledger/rocksdb/MANIFEST-000001
2021/07/27-10:32:25.820921 7f8d1f4f3d40 [db/column_family.cc:597] --------------- Options for column family [default]:
2021/07/27-10:32:25.820924 7f8d1f4f3d40               Options.comparator: leveldb.BytewiseComparator
2021/07/27-10:32:25.820926 7f8d1f4f3d40           Options.merge_operator: None
2021/07/27-10:32:25.820927 7f8d1f4f3d40        Options.compaction_filter: None
2021/07/27-10:32:25.820929 7f8d1f4f3d40        Options.compaction_filter_factory: None
2021/07/27-10:32:25.820930 7f8d1f4f3d40  Options.sst_partitioner_factory: None
2021/07/27-10:32:25.820931 7f8d1f4f3d40         Options.memtable_factory: SkipListFactory
2021/07/27-10:32:25.820932 7f8d1f4f3d40            Options.table_factory: BlockBasedTable
2021/07/27-10:32:25.820967 7f8d1f4f3d40            table_factory options:   flush_block_policy_factory: FlushBlockBySizePolicyFactory (0x565284ab3150)
  cache_index_and_filter_blocks: 0
  cache_index_and_filter_blocks_with_high_priority: 1
  pin_l0_filter_and_index_blocks_in_cache: 0
  pin_top_level_index_and_filter: 1
  index_type: 0
  data_block_index_type: 0
  index_shortening: 1
  data_block_hash_table_util_ratio: 0.750000
  hash_index_allow_collision: 1
  checksum: 1
  no_block_cache: 0
  block_cache: 0x565284ab31a0
  block_cache_name: LRUCache
  block_cache_options:
    capacity : 8388608
    num_shard_bits : 4
    strict_capacity_limit : 0
    memory_allocator : None
    high_pri_pool_ratio: 0.000
  block_cache_compressed: (nil)
  persistent_cache: (nil)
  block_size: 4096
  block_size_deviation: 10
  block_restart_interval: 16
  index_block_restart_interval: 1
  metadata_block_size: 4096
  partition_filters: 0
  use_delta_encoding: 1
  filter_policy: nullptr
  whole_key_filtering: 1
  verify_compression: 0
  read_amp_bytes_per_bit: 0
  format_version: 4
  enable_index_compression: 1
  block_align: 0
2021/07/27-10:32:25.820968 7f8d1f4f3d40        Options.write_buffer_size: 67108864
2021/07/27-10:32:25.820969 7f8d1f4f3d40  Options.max_write_buffer_number: 2
2021/07/27-10:32:25.820970 7f8d1f4f3d40          Options.compression: NoCompression
2021/07/27-10:32:25.820970 7f8d1f4f3d40                  Options.bottommost_compression: Disabled
2021/07/27-10:32:25.820971 7f8d1f4f3d40       Options.prefix_extractor: nullptr
2021/07/27-10:32:25.820972 7f8d1f4f3d40   Options.memtable_insert_with_hint_prefix_extractor: nullptr
2021/07/27-10:32:25.820973 7f8d1f4f3d40             Options.num_levels: 7
2021/07/27-10:32:25.820973 7f8d1f4f3d40        Options.min_write_buffer_number_to_merge: 1
2021/07/27-10:32:25.820974 7f8d1f4f3d40     Options.max_write_buffer_number_to_maintain: 0
2021/07/27-10:32:25.820975 7f8d1f4f3d40     Options.max_write_buffer_size_to_maintain: 0
2021/07/27-10:32:25.820976 7f8d1f4f3d40            Options.bottommost_compression_opts.window_bits: -14
2021/07/27-10:32:25.820976 7f8d1f4f3d40                  Options.bottommost_compression_opts.level: 32767
2021/07/27-10:32:25.820977 7f8d1f4f3d40               Options.bottommost_compression_opts.strategy: 0
2021/07/27-10:32:25.820978 7f8d1f4f3d40         Options.bottommost_compression_opts.max_dict_bytes: 0
2021/07/27-10:32:25.820979 7f8d1f4f3d40         Options.bottommost_compression_opts.zstd_max_train_bytes: 0
2021/07/27-10:32:25.820980 7f8d1f4f3d40         Options.bottommost_compression_opts.parallel_threads: 1
2021/07/27-10:32:25.821002 7f8d1f4f3d40                  Options.bottommost_compression_opts.enabled: false
2021/07/27-10:32:25.821004 7f8d1f4f3d40            Options.compression_opts.window_bits: -14
2021/07/27-10:32:25.821005 7f8d1f4f3d40                  Options.compression_opts.level: 32767
2021/07/27-10:32:25.821006 7f8d1f4f3d40               Options.compression_opts.strategy: 0
2021/07/27-10:32:25.821007 7f8d1f4f3d40         Options.compression_opts.max_dict_bytes: 0
2021/07/27-10:32:25.821008 7f8d1f4f3d40         Options.compression_opts.zstd_max_train_bytes: 0
2021/07/27-10:32:25.821008 7f8d1f4f3d40         Options.compression_opts.parallel_threads: 1
2021/07/27-10:32:25.821009 7f8d1f4f3d40                  Options.compression_opts.enabled: false
2021/07/27-10:32:25.821010 7f8d1f4f3d40      Options.level0_file_num_compaction_trigger: 4
2021/07/27-10:32:25.821011 7f8d1f4f3d40          Options.level0_slowdown_writes_trigger: 20
2021/07/27-10:32:25.821012 7f8d1f4f3d40              Options.level0_stop_writes_trigger: 36
2021/07/27-10:32:25.821013 7f8d1f4f3d40                   Options.target_file_size_base: 67108864
2021/07/27-10:32:25.821014 7f8d1f4f3d40             Options.target_file_size_multiplier: 1
2021/07/27-10:32:25.821015 7f8d1f4f3d40                Options.max_bytes_for_level_base: 268435456
2021/07/27-10:32:25.821016 7f8d1f4f3d40 Options.level_compaction_dynamic_level_bytes: 0
2021/07/27-10:32:25.821016 7f8d1f4f3d40          Options.max_bytes_for_level_multiplier: 10.000000
2021/07/27-10:32:25.821019 7f8d1f4f3d40 Options.max_bytes_for_level_multiplier_addtl[0]: 1
2021/07/27-10:32:25.821020 7f8d1f4f3d40 Options.max_bytes_for_level_multiplier_addtl[1]: 1
2021/07/27-10:32:25.821021 7f8d1f4f3d40 Options.max_bytes_for_level_multiplier_addtl[2]: 1
2021/07/27-10:32:25.821022 7f8d1f4f3d40 Options.max_bytes_for_level_multiplier_addtl[3]: 1
2021/07/27-10:32:25.821023 7f8d1f4f3d40 Options.max_bytes_for_level_multiplier_addtl[4]: 1
2021/07/27-10:32:25.821023 7f8d1f4f3d40 Options.max_bytes_for_level_multiplier_addtl[5]: 1
2021/07/27-10:32:25.821024 7f8d1f4f3d40 Options.max_bytes_for_level_multiplier_addtl[6]: 1
2021/07/27-10:32:25.821025 7f8d1f4f3d40       Options.max_sequential_skip_in_iterations: 8
2021/07/27-10:32:25.821026 7f8d1f4f3d40                    Options.max_compaction_bytes: 1677721600
2021/07/27-10:32:25.821027 7f8d1f4f3d40                        Options.arena_block_size: 8388608
2021/07/27-10:32:25.821028 7f8d1f4f3d40   Options.soft_pending_compaction_bytes_limit: 68719476736
2021/07/27-10:32:25.821029 7f8d1f4f3d40   Options.hard_pending_compaction_bytes_limit: 274877906944
2021/07/27-10:32:25.821030 7f8d1f4f3d40       Options.rate_limit_delay_max_milliseconds: 100
2021/07/27-10:32:25.821031 7f8d1f4f3d40                Options.disable_auto_compactions: 0
2021/07/27-10:32:25.821034 7f8d1f4f3d40                        Options.compaction_style: kCompactionStyleLevel
2021/07/27-10:32:25.821036 7f8d1f4f3d40                          Options.compaction_pri: kMinOverlappingRatio
2021/07/27-10:32:25.821037 7f8d1f4f3d40 Options.compaction_options_universal.size_ratio: 1
2021/07/27-10:32:25.821038 7f8d1f4f3d40 Options.compaction_options_universal.min_merge_width: 2
2021/07/27-10:32:25.821039 7f8d1f4f3d40 Options.compaction_options_universal.max_merge_width: 4294967295
2021/07/27-10:32:25.821040 7f8d1f4f3d40 Options.compaction_options_universal.max_size_amplification_percent: 200
2021/07/27-10:32:25.821041 7f8d1f4f3d40 Options.compaction_options_universal.compression_size_percent: -1
2021/07/27-10:32:25.821043 7f8d1f4f3d40 Options.compaction_options_universal.stop_style: kCompactionStopStyleTotalSize
2021/07/27-10:32:25.821044 7f8d1f4f3d40 Options.compaction_options_fifo.max_table_files_size: 1073741824
2021/07/27-10:32:25.821045 7f8d1f4f3d40 Options.compaction_options_fifo.allow_compaction: 0
2021/07/27-10:32:25.821052 7f8d1f4f3d40                   Options.table_properties_collectors: 
2021/07/27-10:32:25.821054 7f8d1f4f3d40                   Options.inplace_update_support: 0
2021/07/27-10:32:25.821054 7f8d1f4f3d40                 Options.inplace_update_num_locks: 10000
2021/07/27-10:32:25.821079 7f8d1f4f3d40               Options.memtable_prefix_bloom_size_ratio: 0.000000
2021/07/27-10:32:25.821081 7f8d1f4f3d40               Options.memtable_whole_key_filtering: 0
2021/07/27-10:32:25.821082 7f8d1f4f3d40   Options.memtable_huge_page_size: 0
2021/07/27-10:32:25.821083 7f8d1f4f3d40                           Options.bloom_locality: 0
2021/07/27-10:32:25.821085 7f8d1f4f3d40                    Options.max_successive_merges: 0
2021/07/27-10:32:25.821086 7f8d1f4f3d40                Options.optimize_filters_for_hits: 0
2021/07/27-10:32:25.821087 7f8d1f4f3d40                Options.paranoid_file_checks: 0
2021/07/27-10:32:25.821088 7f8d1f4f3d40                Options.force_consistency_checks: 1
2021/07/27-10:32:25.821088 7f8d1f4f3d40                Options.report_bg_io_stats: 0
2021/07/27-10:32:25.821089 7f8d1f4f3d40                               Options.ttl: 2592000
2021/07/27-10:32:25.821090 7f8d1f4f3d40          Options.periodic_compaction_seconds: 0
2021/07/27-10:32:25.821091 7f8d1f4f3d40                    Options.enable_blob_files: false
2021/07/27-10:32:25.821092 7f8d1f4f3d40                        Options.min_blob_size: 0
2021/07/27-10:32:25.821093 7f8d1f4f3d40                       Options.blob_file_size: 268435456
2021/07/27-10:32:25.821095 7f8d1f4f3d40                Options.blob_compression_type: NoCompression
2021/07/27-10:32:25.821096 7f8d1f4f3d40       Options.enable_blob_garbage_collection: false
2021/07/27-10:32:25.821097 7f8d1f4f3d40   Options.blob_garbage_collection_age_cutoff: 0.250000
2021/07/27-10:32:25.821863 7f8d1f4f3d40 [db/version_set.cc:4805] Recovered from manifest file:test-ledger/rocksdb/MANIFEST-000001 succeeded,manifest_file_number is 1, next_file_number is 3, last_sequence is 0, log_number is 0,prev_log_number is 0,max_column_family is 0,min_log_number_to_keep is 0
2021/07/27-10:32:25.821869 7f8d1f4f3d40 [db/version_set.cc:4814] Column family [default] (ID 0), log number is 0
2021/07/27-10:32:25.821947 7f8d1f4f3d40 [db/version_set.cc:4111] Creating manifest 3
2021/07/27-10:32:25.828129 7f8d1f4f3d40 [db/column_family.cc:597] --------------- Options for column family [meta]:
2021/07/27-10:32:25.828135 7f8d1f4f3d40               Options.comparator: leveldb.BytewiseComparator
2021/07/27-10:32:25.828136 7f8d1f4f3d40           Options.merge_operator: None
2021/07/27-10:32:25.828137 7f8d1f4f3d40        Options.compaction_filter: None
2021/07/27-10:32:25.828146 7f8d1f4f3d40        Options.compaction_filter_factory: purged_slot_filter_factory(meta)
2021/07/27-10:32:25.828147 7f8d1f4f3d40  Options.sst_partitioner_factory: None
2021/07/27-10:32:25.828148 7f8d1f4f3d40         Options.memtable_factory: SkipListFactory
2021/07/27-10:32:25.828154 7f8d1f4f3d40            Options.table_factory: BlockBasedTable
2021/07/27-10:32:25.828179 7f8d1f4f3d40            table_factory options:   flush_block_policy_factory: FlushBlockBySizePolicyFactory (0x565284a8aa10)
  cache_index_and_filter_blocks: 0
  cache_index_and_filter_blocks_with_high_priority: 1
  pin_l0_filter_and_index_blocks_in_cache: 0
  pin_top_level_index_and_filter: 1
  index_type: 0
  data_block_index_type: 0
  index_shortening: 1
  data_block_hash_table_util_ratio: 0.750000
  hash_index_allow_collision: 1
  checksum: 1
  no_block_cache: 0
  block_cache: 0x565284a8fee0
  block_cache_name: LRUCache
  block_cache_options:
    capacity : 8388608
    num_shard_bits : 4
    strict_capacity_limit : 0
    memory_allocator : None
    high_pri_pool_ratio: 0.000
  block_cache_compressed: (nil)
  persistent_cache: (nil)
  block_size: 4096
  block_size_deviation: 10
  block_restart_interval: 16
  index_block_restart_interval: 1
  metadata_block_size: 4096
  partition_filters: 0
  use_delta_encoding: 1
  filter_policy: nullptr
  whole_key_filtering: 1
  verify_compression: 0
  read_amp_bytes_per_bit: 0
  format_version: 4
  enable_index_compression: 1
  block_align: 0
2021/07/27-10:32:25.828180 7f8d1f4f3d40        Options.write_buffer_size: 268435456
2021/07/27-10:32:25.828181 7f8d1f4f3d40  Options.max_write_buffer_number: 8
2021/07/27-10:32:25.828182 7f8d1f4f3d40          Options.compression: NoCompression
2021/07/27-10:32:25.828183 7f8d1f4f3d40                  Options.bottommost_compression: Disabled
2021/07/27-10:32:25.828184 7f8d1f4f3d40       Options.prefix_extractor: nullptr
2021/07/27-10:32:25.828184 7f8d1f4f3d40   Options.memtable_insert_with_hint_prefix_extractor: nullptr
2021/07/27-10:32:25.828185 7f8d1f4f3d40             Options.num_levels: 7
2021/07/27-10:32:25.828186 7f8d1f4f3d40        Options.min_write_buffer_number_to_merge: 1
2021/07/27-10:32:25.828187 7f8d1f4f3d40     Options.max_write_buffer_number_to_maintain: 0
2021/07/27-10:32:25.828187 7f8d1f4f3d40     Options.max_write_buffer_size_to_maintain: 0
2021/07/27-10:32:25.828188 7f8d1f4f3d40            Options.bottommost_compression_opts.window_bits: -14
2021/07/27-10:32:25.828189 7f8d1f4f3d40                  Options.bottommost_compression_opts.level: 32767
2021/07/27-10:32:25.828189 7f8d1f4f3d40               Options.bottommost_compression_opts.strategy: 0
2021/07/27-10:32:25.828190 7f8d1f4f3d40         Options.bottommost_compression_opts.max_dict_bytes: 0
2021/07/27-10:32:25.828191 7f8d1f4f3d40         Options.bottommost_compression_opts.zstd_max_train_bytes: 0
2021/07/27-10:32:25.828191 7f8d1f4f3d40         Options.bottommost_compression_opts.parallel_threads: 1
2021/07/27-10:32:25.828192 7f8d1f4f3d40                  Options.bottommost_compression_opts.enabled: false
2021/07/27-10:32:25.828193 7f8d1f4f3d40            Options.compression_opts.window_bits: -14
2021/07/27-10:32:25.828194 7f8d1f4f3d40                  Options.compression_opts.level: 32767
2021/07/27-10:32:25.828194 7f8d1f4f3d40               Options.compression_opts.strategy: 0
2021/07/27-10:32:25.828195 7f8d1f4f3d40         Options.compression_opts.max_dict_bytes: 0
2021/07/27-10:32:25.828196 7f8d1f4f3d40         Options.compression_opts.zstd_max_train_bytes: 0
2021/07/27-10:32:25.828196 7f8d1f4f3d40         Options.compression_opts.parallel_threads: 1
2021/07/27-10:32:25.828197 7f8d1f4f3d40                  Options.compression_opts.enabled: false
2021/07/27-10:32:25.828242 7f8d1f4f3d40      Options.level0_file_num_compaction_trigger: 4
2021/07/27-10:32:25.828243 7f8d1f4f3d40          Options.level0_slowdown_writes_trigger: 20
2021/07/27-10:32:25.828243 7f8d1f4f3d40              Options.level0_stop_writes_trigger: 36
2021/07/27-10:32:25.828244 7f8d1f4f3d40                   Options.target_file_size_base: 107374182
2021/07/27-10:32:25.828245 7f8d1f4f3d40             Options.target_file_size_multiplier: 1
2021/07/27-10:32:25.828245 7f8d1f4f3d40                Options.max_bytes_for_level_base: 1073741824
2021/07/27-10:32:25.828246 7f8d1f4f3d40 Options.level_compaction_dynamic_level_bytes: 0
2021/07/27-10:32:25.828246 7f8d1f4f3d40          Options.max_bytes_for_level_multiplier: 10.000000
2021/07/27-10:32:25.828248 7f8d1f4f3d40 Options.max_bytes_for_level_multiplier_addtl[0]: 1
2021/07/27-10:32:25.828249 7f8d1f4f3d40 Options.max_bytes_for_level_multiplier_addtl[1]: 1
2021/07/27-10:32:25.828250 7f8d1f4f3d40 Options.max_bytes_for_level_multiplier_addtl[2]: 1
2021/07/27-10:32:25.828250 7f8d1f4f3d40 Options.max_bytes_for_level_multiplier_addtl[3]: 1
2021/07/27-10:32:25.828251 7f8d1f4f3d40 Options.max_bytes_for_level_multiplier_addtl[4]: 1
2021/07/27-10:32:25.828252 7f8d1f4f3d40 Options.max_bytes_for_level_multiplier_addtl[5]: 1
2021/07/27-10:32:25.828252 7f8d1f4f3d40 Options.max_bytes_for_level_multiplier_addtl[6]: 1
2021/07/27-10:32:25.828253 7f8d1f4f3d40       Options.max_sequential_skip_in_iterations: 8
2021/07/27-10:32:25.828253 7f8d1f4f3d40                    Options.max_compaction_bytes: 2684354550
2021/07/27-10:32:25.828254 7f8d1f4f3d40                        Options.arena_block_size: 33554432
2021/07/27-10:32:25.828255 7f8d1f4f3d40   Options.soft_pending_compaction_bytes_limit: 68719476736
2021/07/27-10:32:25.828255 7f8d1f4f3d40   Options.hard_pending_compaction_bytes_limit: 274877906944
2021/07/27-10:32:25.828256 7f8d1f4f3d40       Options.rate_limit_delay_max_milliseconds: 100
2021/07/27-10:32:25.828257 7f8d1f4f3d40                Options.disable_auto_compactions: 0
2021/07/27-10:32:25.828259 7f8d1f4f3d40                        Options.compaction_style: kCompactionStyleLevel
2021/07/27-10:32:25.828261 7f8d1f4f3d40                          Options.compaction_pri: kMinOverlappingRatio
2021/07/27-10:32:25.828261 7f8d1f4f3d40 Options.compaction_options_universal.size_ratio: 1
2021/07/27-10:32:25.828262 7f8d1f4f3d40 Options.compaction_options_universal.min_merge_width: 2
2021/07/27-10:32:25.828263 7f8d1f4f3d40 Options.compaction_options_universal.max_merge_width: 4294967295
2021/07/27-10:32:25.828263 7f8d1f4f3d40 Options.compaction_options_universal.max_size_amplification_percent: 200
2021/07/27-10:32:25.828264 7f8d1f4f3d40 Options.compaction_options_universal.compression_size_percent: -1
2021/07/27-10:32:25.828266 7f8d1f4f3d40 Options.compaction_options_universal.stop_style: kCompactionStopStyleTotalSize
2021/07/27-10:32:25.828266 7f8d1f4f3d40 Options.compaction_options_fifo.max_table_files_size: 1073741824
2021/07/27-10:32:25.828267 7f8d1f4f3d40 Options.compaction_options_fifo.allow_compaction: 0
2021/07/27-10:32:25.828274 7f8d1f4f3d40                   Options.table_properties_collectors: 
2021/07/27-10:32:25.828275 7f8d1f4f3d40                   Options.inplace_update_support: 0
2021/07/27-10:32:25.828275 7f8d1f4f3d40                 Options.inplace_update_num_locks: 10000
2021/07/27-10:32:25.828276 7f8d1f4f3d40               Options.memtable_prefix_bloom_size_ratio: 0.000000
2021/07/27-10:32:25.828277 7f8d1f4f3d40               Options.memtable_whole_key_filtering: 0
2021/07/27-10:32:25.828277 7f8d1f4f3d40   Options.memtable_huge_page_size: 0
2021/07/27-10:32:25.828278 7f8d1f4f3d40                           Options.bloom_locality: 0
2021/07/27-10:32:25.828278 7f8d1f4f3d40                    Options.max_successive_merges: 0
2021/07/27-10:32:25.828279 7f8d1f4f3d40                Options.optimize_filters_for_hits: 0
2021/07/27-10:32:25.828280 7f8d1f4f3d40                Options.paranoid_file_checks: 0
2021/07/27-10:32:25.828280 7f8d1f4f3d40                Options.force_consistency_checks: 1
2021/07/27-10:32:25.828290 7f8d1f4f3d40                Options.report_bg_io_stats: 0
2021/07/27-10:32:25.828291 7f8d1f4f3d40                               Options.ttl: 2592000
2021/07/27-10:32:25.828291 7f8d1f4f3d40          Options.periodic_compaction_seconds: 2592000
2021/07/27-10:32:25.828292 7f8d1f4f3d40                    Options.enable_blob_files: false
2021/07/27-10:32:25.828293 7f8d1f4f3d40                        Options.min_blob_size: 0
2021/07/27-10:32:25.828293 7f8d1f4f3d40                       Options.blob_file_size: 268435456
2021/07/27-10:32:25.828294 7f8d1f4f3d40                Options.blob_compression_type: NoCompression
2021/07/27-10:32:25.828295 7f8d1f4f3d40       Options.enable_blob_garbage_collection: false
2021/07/27-10:32:25.828295 7f8d1f4f3d40   Options.blob_garbage_collection_age_cutoff: 0.250000
2021/07/27-10:32:25.828335 7f8d1f4f3d40 [db/db_impl/db_impl.cc:2658] Created column family [meta] (ID 1)
2021/07/27-10:32:25.832863 7f8d1f4f3d40 [db/column_family.cc:597] --------------- Options for column family [dead_slots]:
2021/07/27-10:32:25.832869 7f8d1f4f3d40               Options.comparator: leveldb.BytewiseComparator
2021/07/27-10:32:25.832870 7f8d1f4f3d40           Options.merge_operator: None
2021/07/27-10:32:25.832871 7f8d1f4f3d40        Options.compaction_filter: None
2021/07/27-10:32:25.832873 7f8d1f4f3d40        Options.compaction_filter_factory: purged_slot_filter_factory(dead_slots)
2021/07/27-10:32:25.832874 7f8d1f4f3d40  Options.sst_partitioner_factory: None
2021/07/27-10:32:25.832874 7f8d1f4f3d40         Options.memtable_factory: SkipListFactory
2021/07/27-10:32:25.832875 7f8d1f4f3d40            Options.table_factory: BlockBasedTable
2021/07/27-10:32:25.832898 7f8d1f4f3d40            table_factory options:   flush_block_policy_factory: FlushBlockBySizePolicyFactory (0x565284a92090)
  cache_index_and_filter_blocks: 0
  cache_index_and_filter_blocks_with_high_priority: 1
  pin_l0_filter_and_index_blocks_in_cache: 0
  pin_top_level_index_and_filter: 1
  index_type: 0
  data_block_index_type: 0
  index_shortening: 1
  data_block_hash_table_util_ratio: 0.750000
  hash_index_allow_collision: 1
  checksum: 1
  no_block_cache: 0
  block_cache: 0x565284a920e0
  block_cache_name: LRUCache
  block_cache_options:
    capacity : 8388608
    num_shard_bits : 4
    strict_capacity_limit : 0
    memory_allocator : None
    high_pri_pool_ratio: 0.000
  block_cache_compressed: (nil)
  persistent_cache: (nil)
  block_size: 4096
  block_size_deviation: 10
  block_restart_interval: 16
  index_block_restart_interval: 1
  metadata_block_size: 4096
  partition_filters: 0
  use_delta_encoding: 1
  filter_policy: nullptr
  whole_key_filtering: 1
  verify_compression: 0
  read_amp_bytes_per_bit: 0
  format_version: 4
  enable_index_compression: 1
  block_align: 0
2021/07/27-10:32:25.832899 7f8d1f4f3d40        Options.write_buffer_size: 268435456
2021/07/27-10:32:25.832900 7f8d1f4f3d40  Options.max_write_buffer_number: 8
2021/07/27-10:32:25.832901 7f8d1f4f3d40          Options.compression: NoCompression
2021/07/27-10:32:25.832902 7f8d1f4f3d40                  Options.bottommost_compression: Disabled
2021/07/27-10:32:25.832903 7f8d1f4f3d40       Options.prefix_extractor: nullptr
2021/07/27-10:32:25.832903 7f8d1f4f3d40   Options.memtable_insert_with_hint_prefix_extractor: nullptr
2021/07/27-10:32:25.832904 7f8d1f4f3d40             Options.num_levels: 7
2021/07/27-10:32:25.832905 7f8d1f4f3d40        Options.min_write_buffer_number_to_merge: 1
2021/07/27-10:32:25.832906 7f8d1f4f3d40     Options.max_write_buffer_number_to_maintain: 0
2021/07/27-10:32:25.832906 7f8d1f4f3d40     Options.max_write_buffer_size_to_maintain: 0
2021/07/27-10:32:25.832907 7f8d1f4f3d40            Options.bottommost_compression_opts.window_bits: -14
2021/07/27-10:32:25.832908 7f8d1f4f3d40                  Options.bottommost_compression_opts.level: 32767
2021/07/27-10:32:25.832909 7f8d1f4f3d40               Options.bottommost_compression_opts.strategy: 0
2021/07/27-10:32:25.832909 7f8d1f4f3d40         Options.bottommost_compression_opts.max_dict_bytes: 0
2021/07/27-10:32:25.832910 7f8d1f4f3d40         Options.bottommost_compression_opts.zstd_max_train_bytes: 0
2021/07/27-10:32:25.832911 7f8d1f4f3d40         Options.bottommost_compression_opts.parallel_threads: 1
2021/07/27-10:32:25.832911 7f8d1f4f3d40                  Options.bottommost_compression_opts.enabled: false
2021/07/27-10:32:25.832912 7f8d1f4f3d40            Options.compression_opts.window_bits: -14
2021/07/27-10:32:25.832913 7f8d1f4f3d40                  Options.compression_opts.level: 32767
2021/07/27-10:32:25.832914 7f8d1f4f3d40               Options.compression_opts.strategy: 0
2021/07/27-10:32:25.832914 7f8d1f4f3d40         Options.compression_opts.max_dict_bytes: 0
2021/07/27-10:32:25.832915 7f8d1f4f3d40         Options.compression_opts.zstd_max_train_bytes: 0
2021/07/27-10:32:25.832916 7f8d1f4f3d40         Options.compression_opts.parallel_threads: 1
2021/07/27-10:32:25.832916 7f8d1f4f3d40                  Options.compression_opts.enabled: false
2021/07/27-10:32:25.832930 7f8d1f4f3d40      Options.level0_file_num_compaction_trigger: 4
2021/07/27-10:32:25.832931 7f8d1f4f3d40          Options.level0_slowdown_writes_trigger: 20
2021/07/27-10:32:25.832932 7f8d1f4f3d40              Options.level0_stop_writes_trigger: 36
2021/07/27-10:32:25.832932 7f8d1f4f3d40                   Options.target_file_size_base: 107374182
2021/07/27-10:32:25.832933 7f8d1f4f3d40             Options.target_file_size_multiplier: 1
2021/07/27-10:32:25.832934 7f8d1f4f3d40                Options.max_bytes_for_level_base: 1073741824
2021/07/27-10:32:25.832934 7f8d1f4f3d40 Options.level_compaction_dynamic_level_bytes: 0
2021/07/27-10:32:25.832935 7f8d1f4f3d40          Options.max_bytes_for_level_multiplier: 10.000000
2021/07/27-10:32:25.832936 7f8d1f4f3d40 Options.max_bytes_for_level_multiplier_addtl[0]: 1
2021/07/27-10:32:25.832937 7f8d1f4f3d40 Options.max_bytes_for_level_multiplier_addtl[1]: 1
2021/07/27-10:32:25.832938 7f8d1f4f3d40 Options.max_bytes_for_level_multiplier_addtl[2]: 1
2021/07/27-10:32:25.832938 7f8d1f4f3d40 Options.max_bytes_for_level_multiplier_addtl[3]: 1
2021/07/27-10:32:25.832939 7f8d1f4f3d40 Options.max_bytes_for_level_multiplier_addtl[4]: 1
2021/07/27-10:32:25.832940 7f8d1f4f3d40 Options.max_bytes_for_level_multiplier_addtl[5]: 1
2021/07/27-10:32:25.832940 7f8d1f4f3d40 Options.max_bytes_for_level_multiplier_addtl[6]: 1
2021/07/27-10:32:25.832941 7f8d1f4f3d40       Options.max_sequential_skip_in_iterations: 8
2021/07/27-10:32:25.832941 7f8d1f4f3d40                    Options.max_compaction_bytes: 2684354550
2021/07/27-10:32:25.832942 7f8d1f4f3d40                        Options.arena_block_size: 33554432
2021/07/27-10:32:25.832943 7f8d1f4f3d40   Options.soft_pending_compaction_bytes_limit: 68719476736
2021/07/27-10:32:25.832943 7f8d1f4f3d40   Options.hard_pending_compaction_bytes_limit: 274877906944
2021/07/27-10:32:25.832944 7f8d1f4f3d40       Options.rate_limit_delay_max_milliseconds: 100
2021/07/27-10:32:25.832945 7f8d1f4f3d40                Options.disable_auto_compactions: 0
2021/07/27-10:32:25.832946 7f8d1f4f3d40                        Options.compaction_style: kCompactionStyleLevel
2021/07/27-10:32:25.832948 7f8d1f4f3d40                          Options.compaction_pri: kMinOverlappingRatio
2021/07/27-10:32:25.832948 7f8d1f4f3d40 Options.compaction_options_universal.size_ratio: 1
2021/07/27-10:32:25.832949 7f8d1f4f3d40 Options.compaction_options_universal.min_merge_width: 2
2021/07/27-10:32:25.832950 7f8d1f4f3d40 Options.compaction_options_universal.max_merge_width: 4294967295
2021/07/27-10:32:25.832950 7f8d1f4f3d40 Options.compaction_options_universal.max_size_amplification_percent: 200
2021/07/27-10:32:25.832951 7f8d1f4f3d40 Options.compaction_options_universal.compression_size_percent: -1
2021/07/27-10:32:25.832952 7f8d1f4f3d40 Options.compaction_options_universal.stop_style: kCompactionStopStyleTotalSize
2021/07/27-10:32:25.832953 7f8d1f4f3d40 Options.compaction_options_fifo.max_table_files_size: 1073741824
2021/07/27-10:32:25.832954 7f8d1f4f3d40 Options.compaction_options_fifo.allow_compaction: 0
2021/07/27-10:32:25.832958 7f8d1f4f3d40                   Options.table_properties_collectors: 
2021/07/27-10:32:25.832959 7f8d1f4f3d40                   Options.inplace_update_support: 0
2021/07/27-10:32:25.832960 7f8d1f4f3d40                 Options.inplace_update_num_locks: 10000
2021/07/27-10:32:25.832960 7f8d1f4f3d40               Options.memtable_prefix_bloom_size_ratio: 0.000000
2021/07/27-10:32:25.832961 7f8d1f4f3d40               Options.memtable_whole_key_filtering: 0
2021/07/27-10:32:25.832962 7f8d1f4f3d40   Options.memtable_huge_page_size: 0
2021/07/27-10:32:25.832962 7f8d1f4f3d40                           Options.bloom_locality: 0
2021/07/27-10:32:25.832963 7f8d1f4f3d40                    Options.max_successive_merges: 0
2021/07/27-10:32:25.832964 7f8d1f4f3d40                Options.optimize_filters_for_hits: 0
2021/07/27-10:32:25.832964 7f8d1f4f3d40                Options.paranoid_file_checks: 0
2021/07/27-10:32:25.832965 7f8d1f4f3d40                Options.force_consistency_checks: 1
2021/07/27-10:32:25.832973 7f8d1f4f3d40                Options.report_bg_io_stats: 0
2021/07/27-10:32:25.832974 7f8d1f4f3d40                               Options.ttl: 2592000
2021/07/27-10:32:25.832974 7f8d1f4f3d40          Options.periodic_compaction_seconds: 2592000
2021/07/27-10:32:25.832975 7f8d1f4f3d40                    Options.enable_blob_files: false
2021/07/27-10:32:25.832976 7f8d1f4f3d40                        Options.min_blob_size: 0
2021/07/27-10:32:25.832976 7f8d1f4f3d40                       Options.blob_file_size: 268435456
2021/07/27-10:32:25.832977 7f8d1f4f3d40                Options.blob_compression_type: NoCompression
2021/07/27-10:32:25.832978 7f8d1f4f3d40       Options.enable_blob_garbage_collection: false
2021/07/27-10:32:25.832978 7f8d1f4f3d40   Options.blob_garbage_collection_age_cutoff: 0.250000
2021/07/27-10:32:25.833009 7f8d1f4f3d40 [db/db_impl/db_impl.cc:2658] Created column family [dead_slots] (ID 2)
2021/07/27-10:32:25.838458 7f8d1f4f3d40 [db/column_family.cc:597] --------------- Options for column family [duplicate_slots]:
2021/07/27-10:32:25.838464 7f8d1f4f3d40               Options.comparator: leveldb.BytewiseComparator
2021/07/27-10:32:25.838466 7f8d1f4f3d40           Options.merge_operator: None
2021/07/27-10:32:25.838466 7f8d1f4f3d40        Options.compaction_filter: None
2021/07/27-10:32:25.838468 7f8d1f4f3d40        Options.compaction_filter_factory: purged_slot_filter_factory(duplicate_slots)
2021/07/27-10:32:25.838469 7f8d1f4f3d40  Options.sst_partitioner_factory: None
2021/07/27-10:32:25.838469 7f8d1f4f3d40         Options.memtable_factory: SkipListFactory
2021/07/27-10:32:25.838470 7f8d1f4f3d40            Options.table_factory: BlockBasedTable
2021/07/27-10:32:25.838514 7f8d1f4f3d40            table_factory options:   flush_block_policy_factory: FlushBlockBySizePolicyFactory (0x565284a94290)
  cache_index_and_filter_blocks: 0
  cache_index_and_filter_blocks_with_high_priority: 1
  pin_l0_filter_and_index_blocks_in_cache: 0
  pin_top_level_index_and_filter: 1
  index_type: 0
  data_block_index_type: 0
  index_shortening: 1
  data_block_hash_table_util_ratio: 0.750000
  hash_index_allow_collision: 1
  checksum: 1
  no_block_cache: 0
  block_cache: 0x565284a942e0
  block_cache_name: LRUCache
  block_cache_options:
    capacity : 8388608
    num_shard_bits : 4
    strict_capacity_limit : 0
    memory_allocator : None
    high_pri_pool_ratio: 0.000
  block_cache_compressed: (nil)
  persistent_cache: (nil)
  block_size: 4096
  block_size_deviation: 10
  block_restart_interval: 16
  index_block_restart_interval: 1
  metadata_block_size: 4096
  partition_filters: 0
  use_delta_encoding: 1
  filter_policy: nullptr
  whole_key_filtering: 1
  verify_compression: 0
  read_amp_bytes_per_bit: 0
  format_version: 4
  enable_index_compression: 1
  block_align: 0
2021/07/27-10:32:25.838515 7f8d1f4f3d40        Options.write_buffer_size: 268435456
2021/07/27-10:32:25.838516 7f8d1f4f3d40  Options.max_write_buffer_number: 8
2021/07/27-10:32:25.838517 7f8d1f4f3d40          Options.compression: NoCompression
2021/07/27-10:32:25.838517 7f8d1f4f3d40                  Options.bottommost_compression: Disabled
2021/07/27-10:32:25.838518 7f8d1f4f3d40       Options.prefix_extractor: nullptr
2021/07/27-10:32:25.838519 7f8d1f4f3d40   Options.memtable_insert_with_hint_prefix_extractor: nullptr
2021/07/27-10:32:25.838519 7f8d1f4f3d40             Options.num_levels: 7
2021/07/27-10:32:25.838520 7f8d1f4f3d40        Options.min_write_buffer_number_to_merge: 1
2021/07/27-10:32:25.838521 7f8d1f4f3d40     Options.max_write_buffer_number_to_maintain: 0
2021/07/27-10:32:25.838521 7f8d1f4f3d40     Options.max_write_buffer_size_to_maintain: 0
2021/07/27-10:32:25.838522 7f8d1f4f3d40            Options.bottommost_compression_opts.window_bits: -14
2021/07/27-10:32:25.838523 7f8d1f4f3d40                  Options.bottommost_compression_opts.level: 32767
